
*******************************************  Drifts coefficients *******************************************

Q_NIR_8_0_4 = 0.01051592755908004
Q_B_2_0_5 = 0.008610807535605058
Q_G_3_1_0 = 0.008559255954574851
Q_R_4_0_9 = 0.008461091292725875
Q_B_2_0_0 = 0.008152679919344319
AREA = 0.0077185732716122946
Q_G_3_0_6 = 0.007637584211505732
Q_B_2_0_8 = 0.007599247446075541
Q_B_2_0_7 = 0.0071019407287000735
GEOM_R3 = 0.007049645715448527
X = 0.006755618523399898
CADASTRALQUALITYID = 0.0065294917879028525
Q_NIR_8_0_7 = 0.0063784809096119055
MAXBUILDINGFLOOR = 0.006349849294149834
Q_R_4_1_0 = 0.006303028155127066
Q_NIR_8_0_0 = 0.00611190338763512
Q_G_3_0_8 = 0.005912086052850984
Q_NIR_8_0_2 = 0.005711517095772889
Q_G_3_0_3 = 0.0056954220813385525
Q_R_4_0_4 = 0.004834819318422001
Q_G_3_0_2 = 0.00469635639825583
Q_NIR_8_0_3 = 0.00464790308175167
Q_R_4_0_1 = 0.004440591371865477
Q_NIR_8_0_8 = 0.004377709063098756
Q_NIR_8_0_6 = 0.004376531436047326
Q_R_4_0_5 = 0.0043700956128884805
CONTRUCTIONYEAR = 0.004312803636438378
GEOM_R2 = 0.0037490536603979052
Q_G_3_0_1 = 0.0036482739964538435
Q_R_4_0_6 = 0.003469785794983915
GEOM_R1 = 0.003170551056232318
Q_B_2_0_4 = 0.0024923702989259056
Q_NIR_8_0_9 = 0.002489330850334426
Q_G_3_0_0 = 0.002482734439379186
Q_B_2_0_3 = 0.0024665985884744224
Q_G_3_0_4 = 0.002352085059390774
Q_R_4_0_3 = 0.002134551033814658
Q_R_4_0_8 = 0.002124616082120667
Q_R_4_0_2 = 0.002112225734426154
Q_B_2_0_2 = 0.0020885559869030512
GEOM_R4 = 0.002074017496449976
Q_B_2_0_6 = 0.001887956666065671
Q_G_3_0_7 = 0.001604448017840543
Q_R_4_0_7 = 0.0015273067955625663
Q_B_2_1_0 = 0.0012464802649985174
Q_G_3_0_9 = 0.0011393557772381158
Q_R_4_0_0 = 0.0009079044149211679
Q_NIR_8_1_0 = 0.00050273603132589
Q_NIR_8_0_1 = 0.00030160510776666705
Y = 0.00028741623453409915
Q_NIR_8_0_5 = 0.00020946838673108203
Q_B_2_0_1 = 0.00018905083445530657
Q_G_3_0_5 = 9.870802360900655e-05
Q_B_2_0_9 = 5.45063645693844e-05
